1	0.00194	40.45
0.9966	0.00304	40.45
0.99314	0.00411	40.45
0.98961	0.00516	40.45
0.98601	0.00618	40.45
0.98235	0.0072	40.45
0.97863	0.00823	40.45
0.97484	0.00927	40.45
0.97098	0.01033	40.45
0.96706	0.01139	40.45
0.96307	0.01246	40.45
0.95902	0.01354	40.45
0.9549	0.01463	40.45
0.95072	0.01573	40.45
0.94647	0.01684	40.45
0.94216	0.01797	40.45
0.93778	0.01911	40.45
0.93333	0.02026	40.45
0.92882	0.02142	40.45
0.92425	0.0226	40.45
0.91961	0.02379	40.45
0.9149	0.02499	40.45
0.91013	0.02621	40.45
0.90529	0.02744	40.45
0.90039	0.02869	40.45
0.89542	0.02995	40.45
0.89039	0.03122	40.45
0.88529	0.0325	40.45
0.88013	0.03379	40.45
0.8749	0.0351	40.45
0.86961	0.03643	40.45
0.86425	0.03776	40.45
0.85882	0.03912	40.45
0.85333	0.04048	40.45
0.84778	0.04186	40.45
0.84216	0.04326	40.45
0.83647	0.04466	40.45
0.83072	0.04608	40.45
0.8249	0.04752	40.45
0.81902	0.04896	40.45
0.81307	0.05041	40.45
0.80706	0.05188	40.45
0.80098	0.05336	40.45
0.79484	0.05484	40.45
0.78863	0.05634	40.45
0.78235	0.05784	40.45
0.77601	0.05936	40.45
0.76961	0.06088	40.45
0.76314	0.06242	40.45
0.7566	0.06396	40.45
0.75	0.0655	40.45
0.74333	0.06706	40.45
0.73667	0.0686	40.45
0.73	0.07014	40.45
0.72333	0.07167	40.45
0.71667	0.0732	40.45
0.71	0.07472	40.45
0.70333	0.07624	40.45
0.69667	0.07774	40.45
0.69	0.07924	40.45
0.68333	0.08072	40.45
0.67667	0.0822	40.45
0.67	0.08366	40.45
0.66333	0.08511	40.45
0.65667	0.08655	40.45
0.65	0.08798	40.45
0.64333	0.0894	40.45
0.63667	0.0908	40.45
0.63	0.0922	40.45
0.62333	0.09357	40.45
0.61667	0.09492	40.45
0.61	0.09626	40.45
0.60333	0.09759	40.45
0.59667	0.09889	40.45
0.59	0.10017	40.45
0.58333	0.10143	40.45
0.57667	0.10267	40.45
0.57	0.10389	40.45
0.56333	0.10509	40.45
0.55667	0.10627	40.45
0.55	0.10742	40.45
0.54333	0.10854	40.45
0.53667	0.10964	40.45
0.53	0.11071	40.45
0.52333	0.11175	40.45
0.51667	0.11277	40.45
0.51	0.11375	40.45
0.50333	0.1147	40.45
0.49667	0.11562	40.45
0.49	0.1165	40.45
0.48333	0.11734	40.45
0.47667	0.11813	40.45
0.47	0.11889	40.45
0.46333	0.1196	40.45
0.45667	0.12027	40.45
0.45	0.12089	40.45
0.44333	0.12147	40.45
0.43667	0.122	40.45
0.43	0.12249	40.45
0.42333	0.12292	40.45
0.41667	0.12331	40.45
0.41	0.12365	40.45
0.40333	0.12394	40.45
0.39667	0.12418	40.45
0.39	0.12436	40.45
0.38333	0.12449	40.45
0.37667	0.12457	40.45
0.37	0.12459	40.45
0.36333	0.12455	40.45
0.35667	0.12446	40.45
0.35	0.12431	40.45
0.34333	0.12411	40.45
0.33667	0.12385	40.45
0.33	0.12353	40.45
0.32333	0.12317	40.45
0.31667	0.12275	40.45
0.31	0.12228	40.45
0.30333	0.12175	40.45
0.29667	0.12117	40.45
0.29	0.12053	40.45
0.28333	0.11984	40.45
0.27667	0.1191	40.45
0.27	0.11829	40.45
0.26333	0.11744	40.45
0.25667	0.11653	40.45
0.25	0.11557	40.45
0.24342	0.11456	40.45
0.23693	0.11351	40.45
0.23053	0.11243	40.45
0.22421	0.1113	40.45
0.21798	0.11015	40.45
0.21184	0.10896	40.45
0.20579	0.10773	40.45
0.19982	0.10648	40.45
0.19395	0.1052	40.45
0.18816	0.10389	40.45
0.18245	0.10255	40.45
0.17684	0.10119	40.45
0.17131	0.0998	40.45
0.16587	0.09839	40.45
0.16052	0.09696	40.45
0.15526	0.0955	40.45
0.15008	0.09403	40.45
0.14499	0.09254	40.45
0.13999	0.09103	40.45
0.13508	0.0895	40.45
0.13026	0.08796	40.45
0.12552	0.08641	40.45
0.12087	0.08483	40.45
0.11631	0.08325	40.45
0.11183	0.08165	40.45
0.10745	0.08004	40.45
0.10315	0.07843	40.45
0.09893	0.07679	40.45
0.09481	0.07516	40.45
0.09077	0.07351	40.45
0.08683	0.07186	40.45
0.08297	0.07021	40.45
0.07919	0.06854	40.45
0.07551	0.06687	40.45
0.07191	0.0652	40.45
0.0684	0.06353	40.45
0.06498	0.06185	40.45
0.06164	0.06017	40.45
0.0584	0.0585	40.45
0.05524	0.05682	40.45
0.05217	0.05515	40.45
0.04918	0.05348	40.45
0.04629	0.05181	40.45
0.04348	0.05015	40.45
0.04076	0.04849	40.45
0.03812	0.04683	40.45
0.03558	0.04519	40.45
0.03312	0.04356	40.45
0.03075	0.04194	40.45
0.02847	0.04033	40.45
0.02627	0.03874	40.45
0.02417	0.03716	40.45
0.02215	0.0356	40.45
0.02022	0.03404	40.45
0.01837	0.03249	40.45
0.01662	0.03094	40.45
0.01495	0.0294	40.45
0.01337	0.02785	40.45
0.01187	0.0263	40.45
0.01047	0.02476	40.45
0.00915	0.02322	40.45
0.00792	0.02169	40.45
0.00678	0.02017	40.45
0.00572	0.01864	40.45
0.00476	0.01713	40.45
0.00388	0.01562	40.45
0.00309	0.0141	40.45
0.00238	0.01253	40.45
0.00177	0.01094	40.45
0.00124	0.00923	40.45
0.0008	0.0074	40.45
0.00044	0.00537	40.45
0.00018	0.00333	40.45
0	0	40.45
0.00018	-0.00292	40.45
0.00044	-0.00443	40.45
0.0008	-0.00589	40.45
0.00124	-0.00727	40.45
0.00177	-0.00864	40.45
0.00238	-0.00998	40.45
0.00309	-0.01134	40.45
0.00388	-0.01266	40.45
0.00476	-0.01397	40.45
0.00572	-0.01526	40.45
0.00678	-0.01656	40.45
0.00792	-0.01785	40.45
0.00915	-0.01914	40.45
0.01047	-0.02044	40.45
0.01187	-0.02174	40.45
0.01337	-0.02306	40.45
0.01495	-0.02438	40.45
0.01662	-0.02571	40.45
0.01837	-0.02705	40.45
0.02022	-0.02841	40.45
0.02215	-0.02976	40.45
0.02417	-0.03112	40.45
0.02627	-0.03248	40.45
0.02847	-0.03384	40.45
0.03075	-0.0352	40.45
0.03312	-0.03655	40.45
0.03558	-0.03789	40.45
0.03812	-0.03923	40.45
0.04076	-0.04056	40.45
0.04348	-0.04188	40.45
0.04629	-0.04319	40.45
0.04918	-0.04449	40.45
0.05217	-0.04579	40.45
0.05524	-0.04708	40.45
0.0584	-0.04836	40.45
0.06164	-0.04963	40.45
0.06498	-0.05089	40.45
0.0684	-0.05215	40.45
0.07191	-0.0534	40.45
0.07551	-0.05464	40.45
0.07919	-0.05587	40.45
0.08297	-0.05709	40.45
0.08683	-0.05831	40.45
0.09077	-0.05951	40.45
0.09481	-0.06071	40.45
0.09893	-0.06189	40.45
0.10315	-0.06306	40.45
0.10745	-0.06422	40.45
0.11183	-0.06536	40.45
0.11631	-0.06648	40.45
0.12087	-0.06759	40.45
0.12552	-0.06868	40.45
0.13026	-0.06975	40.45
0.13508	-0.07079	40.45
0.13999	-0.07182	40.45
0.14499	-0.07282	40.45
0.15008	-0.0738	40.45
0.15526	-0.07476	40.45
0.16052	-0.07568	40.45
0.16587	-0.07658	40.45
0.17131	-0.07746	40.45
0.17684	-0.0783	40.45
0.18245	-0.07911	40.45
0.18816	-0.07989	40.45
0.19395	-0.08063	40.45
0.19982	-0.08134	40.45
0.20579	-0.08201	40.45
0.21184	-0.08264	40.45
0.21798	-0.08324	40.45
0.22421	-0.0838	40.45
0.23053	-0.08432	40.45
0.23693	-0.08479	40.45
0.24342	-0.08523	40.45
0.25	-0.08561	40.45
0.25667	-0.08595	40.45
0.26333	-0.08624	40.45
0.27	-0.08648	40.45
0.27667	-0.08667	40.45
0.28333	-0.0868	40.45
0.29	-0.08689	40.45
0.29667	-0.08693	40.45
0.30333	-0.08692	40.45
0.31	-0.08686	40.45
0.31667	-0.08676	40.45
0.32333	-0.0866	40.45
0.33	-0.0864	40.45
0.33667	-0.08615	40.45
0.34333	-0.08586	40.45
0.35	-0.08553	40.45
0.35667	-0.08515	40.45
0.36333	-0.08473	40.45
0.37	-0.08427	40.45
0.37667	-0.08376	40.45
0.38333	-0.08322	40.45
0.39	-0.08263	40.45
0.39667	-0.082	40.45
0.40333	-0.08134	40.45
0.41	-0.08062	40.45
0.41667	-0.07987	40.45
0.42333	-0.07908	40.45
0.43	-0.07824	40.45
0.43667	-0.07736	40.45
0.44333	-0.07644	40.45
0.45	-0.07548	40.45
0.45667	-0.07448	40.45
0.46333	-0.07343	40.45
0.47	-0.07235	40.45
0.47667	-0.07122	40.45
0.48333	-0.07006	40.45
0.49	-0.06886	40.45
0.49667	-0.06763	40.45
0.50333	-0.06636	40.45
0.51	-0.06506	40.45
0.51667	-0.06373	40.45
0.52333	-0.06237	40.45
0.53	-0.06097	40.45
0.53667	-0.05955	40.45
0.54333	-0.0581	40.45
0.55	-0.05663	40.45
0.55667	-0.05513	40.45
0.56333	-0.05361	40.45
0.57	-0.05207	40.45
0.57667	-0.0505	40.45
0.58333	-0.04892	40.45
0.59	-0.04732	40.45
0.59667	-0.04571	40.45
0.60333	-0.04408	40.45
0.61	-0.04243	40.45
0.61667	-0.04078	40.45
0.62333	-0.03911	40.45
0.63	-0.03744	40.45
0.63667	-0.03576	40.45
0.64333	-0.03409	40.45
0.65	-0.03241	40.45
0.65667	-0.03073	40.45
0.66333	-0.02906	40.45
0.67	-0.0274	40.45
0.67667	-0.02574	40.45
0.68333	-0.02411	40.45
0.69	-0.02248	40.45
0.69667	-0.02088	40.45
0.70333	-0.0193	40.45
0.71	-0.01774	40.45
0.71667	-0.0162	40.45
0.72333	-0.0147	40.45
0.73	-0.01323	40.45
0.73667	-0.01179	40.45
0.74333	-0.01039	40.45
0.75	-0.00903	40.45
0.7566	-0.00772	40.45
0.76314	-0.00647	40.45
0.76961	-0.00528	40.45
0.77601	-0.00416	40.45
0.78235	-0.00308	40.45
0.78863	-0.00207	40.45
0.79484	-0.00112	40.45
0.80098	-0.00023	40.45
0.80706	0.0006	40.45
0.81307	0.00136	40.45
0.81902	0.00207	40.45
0.8249	0.00273	40.45
0.83072	0.00333	40.45
0.83647	0.00387	40.45
0.84216	0.00435	40.45
0.84778	0.00479	40.45
0.85333	0.00517	40.45
0.85882	0.0055	40.45
0.86425	0.00578	40.45
0.86961	0.00601	40.45
0.8749	0.0062	40.45
0.88013	0.00633	40.45
0.88529	0.00643	40.45
0.89039	0.00648	40.45
0.89542	0.00649	40.45
0.90039	0.00646	40.45
0.90529	0.00639	40.45
0.91013	0.00628	40.45
0.9149	0.00613	40.45
0.91961	0.00595	40.45
0.92425	0.00574	40.45
0.92882	0.0055	40.45
0.93333	0.00523	40.45
0.93778	0.00494	40.45
0.94216	0.00462	40.45
0.94647	0.00428	40.45
0.95072	0.00392	40.45
0.9549	0.00355	40.45
0.95902	0.00315	40.45
0.96307	0.00275	40.45
0.96706	0.00233	40.45
0.97098	0.00189	40.45
0.97484	0.00145	40.45
0.97863	0.00099	40.45
0.98235	0.00053	40.45
0.98601	0.00005	40.45
0.98961	-0.00044	40.45
0.99314	-0.00094	40.45
0.9966	-0.00143	40.45
1	-0.00194	40.45
